20
1: 2, 3, 4, 5, 6, 7, 8, 9, 10
2: 1, 3, 4, 5, 6, 7, 8, 9, 10
3: 1, 2, 4, 5, 6, 7, 8, 9, 10
4: 1, 2, 3, 5, 6, 7, 8, 9, 10
5: 1, 2, 3, 4, 6, 7, 8, 9, 10
6: 1, 2, 3, 4, 5, 7, 8, 9, 10
7: 1, 2, 3, 4, 5, 6, 8, 9, 10
8: 1, 2, 3, 4, 5, 6, 7, 9, 10
9: 1, 2, 3, 4, 5, 6, 7, 8, 10
10: 1, 2, 3, 4, 5, 6, 7, 8, 9, 11
11: 10, 12, 13, 14, 15, 16, 17, 18, 19, 20
12: 11, 13, 14, 15, 16, 17, 18, 19, 20
13: 11, 12, 14, 15, 16, 17, 18, 19, 20
14: 11, 12, 13, 15, 16, 17, 18, 19, 20
15: 11, 12, 13, 14, 16, 17, 18, 19, 20
16: 11, 12, 13, 14, 15, 17, 18, 19, 20
17: 11, 12, 13, 14, 15, 16, 18, 19, 20
18: 11, 12, 13, 14, 15, 16, 17, 19, 20
19: 11, 12, 13, 14, 15, 16, 17, 18, 20
20: 11, 12, 13, 14, 15, 16, 17, 18, 19
